"","NC_001781.1_Human_orthopneumovirus_Subgroup_B,_complete_genome","PP376842.1 |Human respiratory syncytial virus B isolate 340101018, partial genome","PP376850.1 |Human respiratory syncytial virus B isolate 340103033, complete genome","PP376871.1 |Human respiratory syncytial virus B isolate 340102040, complete genome","PP376878.1 |Human respiratory syncytial virus B isolate 340102005, complete genome","PP376887.1 |Human respiratory syncytial virus B isolate 340102022, complete genome","PP376889.1 |Human respiratory syncytial virus B isolate 340101001, complete genome","PP376899.1 |Human respiratory syncytial virus B isolate 340101034, complete genome","PP376914.1 |Human respiratory syncytial virus B isolate 340103018, complete genome","PP376939.1 |Human respiratory syncytial virus B isolate 340101039, complete genome","PP376947.1 |Human respiratory syncytial virus B isolate 340103003, complete genome","PP376949.1 |Human respiratory syncytial virus B isolate 340103019, complete genome","PP376957.1 |Human respiratory syncytial virus B isolate 340101021, complete genome","PP376975.1 |Human respiratory syncytial virus B isolate 340102006, complete genome","PP376977.1 |Human respiratory syncytial virus B isolate 340101047, complete genome","PP376984.1 |Human respiratory syncytial virus B isolate 340102026, complete genome","PP377013.1 |Human respiratory syncytial virus B isolate 340101045, complete genome","PP377015.1 |Human respiratory syncytial virus B isolate 340101008, complete genome","PP377017.1 |Human respiratory syncytial virus B isolate 340102007, complete genome","PP377027.1 |Human respiratory syncytial virus B isolate 340101009, complete genome","PP377037.1 |Human respiratory syncytial virus B isolate 340103022, complete genome","PP377041.1 |Human respiratory syncytial virus B isolate 340103036, complete genome","PP377045.1 |Human respiratory syncytial virus B isolate 340101014, complete genome","PP377054.1 |Human respiratory syncytial virus B isolate 340103037, complete genome","PP377061.1 |Human respiratory syncytial virus B isolate 340102031, complete genome","PP377089.1 |Human respiratory syncytial virus B isolate 340101016, complete genome","PP377090.1 |Human respiratory syncytial virus B isolate 340101015, partial genome","PP377093.1 |Human respiratory syncytial virus B isolate 340102012, complete genome","PP377139.1 |Human respiratory syncytial virus B isolate 340103002, complete genome","PP377143.1 |Human respiratory syncytial virus B isolate 340102039, complete genome","PP377155.1 |Human respiratory syncytial virus B isolate 340102033, complete genome","PP377160.1 |Human respiratory syncytial virus B isolate 340103014, complete genome","PP377170.1 |Human respiratory syncytial virus B isolate 340102004, complete genome","PP377176.1 |Human respiratory syncytial virus B isolate 340102047, complete genome","PP377206.1 |Human respiratory syncytial virus B isolate 340102023, complete genome","PP377207.1 |Human respiratory syncytial virus B isolate 340102024, complete genome","PP377222.1 |Human respiratory syncytial virus B isolate 340101002, complete genome","PP377223.1 |Human respiratory syncytial virus B isolate 340101022, complete genome","PP377233.1 |Human respiratory syncytial virus B isolate 340102025, complete genome","PP377266.1 |Human respiratory syncytial virus B isolate 340101040, complete genome","PP377267.1 |Human respiratory syncytial virus B isolate 340101038, complete genome","PP377279.1 |Human respiratory syncytial virus B isolate 340102043, complete genome","PP377288.1 |Human respiratory syncytial virus B isolate 340101042, complete genome","PP377291.1 |Human respiratory syncytial virus B isolate 340101020, complete genome","PP377341.1 |Human respiratory syncytial virus B isolate 340101010, complete genome","PP377351.1 |Human respiratory syncytial virus B isolate 340102030, complete genome","PP377353.1 |Human respiratory syncytial virus B isolate 340102045, complete genome","PP377355.1 |Human respiratory syncytial virus B isolate 340102050, complete genome","PP377362.1 |Human respiratory syncytial virus B isolate 340103005, complete genome","PP377364.1 |Human respiratory syncytial virus B isolate 340103021, complete genome","PP377375.1 |Human respiratory syncytial virus B isolate 340101012, complete genome","PP377379.1 |Human respiratory syncytial virus B isolate 340101048, complete genome","PP377380.1 |Human respiratory syncytial virus B isolate 340101049, complete genome","PP377397.1 |Human respiratory syncytial virus B isolate 340102013, complete genome","PP377413.1 |Human respiratory syncytial virus B isolate 340101017, complete genome","PP377417.1 |Human respiratory syncytial virus B isolate 340102014, complete genome","PP377435.1 |Human respiratory syncytial virus B isolate 340103032, complete genome","PP377458.1 |Human respiratory syncytial virus B isolate 340101050, complete genome","PP377468.1 |Human respiratory syncytial virus B isolate 340101025, complete genome","PP377478.1 |Human respiratory syncytial virus B isolate 340101027, complete genome","PP377479.1 |Human respiratory syncytial virus B isolate 340102038, complete genome","PP377484.1 |Human respiratory syncytial virus B isolate 340101043, complete genome","PP377496.1 |UNVERIFIED: Human respiratory syncytial virus B isolate 340102021, complete genome","PP377498.1 |UNVERIFIED: Human respiratory syncytial virus B isolate 340102009, complete genome","PP377499.1 |UNVERIFIED: Human respiratory syncytial virus B isolate 340103031, complete genome","OP963385.1 |Human respiratory syncytial virus B isolate SE01A-0017-V02, partial genome","MZ515608.1 |Human respiratory syncytial virus B isolate SE02-0004-V01, complete genome","MZ515638.1 |Human respiratory syncytial virus B isolate SE02-0024-V01, complete genome","MZ515656.1 |Human respiratory syncytial virus B isolate SE01A-0168-V02, complete genome","MZ515657.1 |Human respiratory syncytial virus B isolate SE02-0051-V01, partial genome","MZ515661.1 |Human respiratory syncytial virus B isolate SE02-0005-D03, partial genome","MZ515684.1 |Human respiratory syncytial virus B isolate SE02-0017-D04, complete genome","MZ515715.1 |Human respiratory syncytial virus B isolate SE01A-0203-V02, complete genome","MZ515728.1 |Human respiratory syncytial virus B isolate SE01A-0196-V02, complete genome","MZ515738.1 |Human respiratory syncytial virus B isolate SE01A-0070-V02, complete genome","MZ515748.1 |Human respiratory syncytial virus B isolate SE01A-0043-V02, complete genome","MZ515771.1 |Human respiratory syncytial virus B isolate SE02-0050-V01, complete genome","MZ515776.1 |Human respiratory syncytial virus B isolate SE01A-0197-V02, complete genome","MZ515827.1 |Human respiratory syncytial virus B isolate SE02-0016-V01, complete genome","MZ515856.1 |Human respiratory syncytial virus B isolate SE02-0005-D02, partial genome","MZ515863.1 |Human respiratory syncytial virus B isolate SE01A-0117-V02, complete genome","MZ515872.1 |Human respiratory syncytial virus B isolate SE01A-0178-V02, complete genome","MZ515899.1 |Human respiratory syncytial virus B isolate SE02-0017-D05, complete genome","MZ515930.1 |Human respiratory syncytial virus B isolate SE02-0017-V01, complete genome","MZ515938.1 |Human respiratory syncytial virus B isolate SE01A-0101-V02, complete genome","MZ515972.1 |Human respiratory syncytial virus B isolate SE01A-0132-V02, complete genome","MZ516013.1 |Human respiratory syncytial virus B isolate SE02-0051-D05, partial genome","MZ516020.1 |Human respiratory syncytial virus B isolate SE02-0020-V01, complete genome","MZ516030.1 |Human respiratory syncytial virus B isolate SE01A-0102-V02, complete genome","MZ516054.1 |Human respiratory syncytial virus B isolate SE02-0051-D03, complete genome","MZ516056.1 |Human respiratory syncytial virus B isolate SE01A-0133-V02, complete genome","MZ516083.1 |Human respiratory syncytial virus B isolate SE02-0050-D03, complete genome","MZ516114.1 |Human respiratory syncytial virus B isolate SE02-0005-V01, complete genome","MZ516122.1 |Human respiratory syncytial virus B isolate SE01A-0109-V02, complete genome","MZ516133.1 |Human respiratory syncytial virus B isolate SE02-0050-D04, partial genome","MZ516140.1 |Human respiratory syncytial virus B isolate SE01A-0123-V02, complete genome","MZ516143.1 |Human respiratory syncytial virus B isolate SE01A-0135-V02, complete genome","LR699738.1 |Human respiratory syncytial virus B cRNA","LR699739.1 |Human respiratory syncytial virus B cRNA","LR699740.1 |Human respiratory syncytial virus B cRNA","LR699741.1 |Human respiratory syncytial virus B cRNA","LR699742.1 |Human respiratory syncytial virus B cRNA","LR699743.1 |Human respiratory syncytial virus B cRNA","LR699744.1 |Human respiratory syncytial virus B cRNA"
"NC_001781.1_Human_orthopneumovirus_Subgroup_B,_complete_genome",0,0.0409396199498568,0.0410774909774789,0.0415112705444412,0.0412754219442499,0.0410437952080858,0.0408258431918532,0.040841495143089,0.0403377104938641,0.0410529036650928,0.0403377104938641,0.040718950021709,0.0408258431918532,0.0416799243731,0.0411766615466813,0.0413974257840709,0.0406969509188642,0.0407110667987533,0.0412608737658368,0.0407110667987533,0.0420157943920715,0.0422522532136792,0.0409557306519127,0.0406051927902587,0.0411602066205251,0.0405973139910438,0.0408331393634501,0.0416892811825187,0.0420157943920715,0.040589562022221,0.0412981978095018,0.0421297336711578,0.0418676049615308,0.0401255420562029,0.0408331393634501,0.0418652891032186,0.0408258431918532,0.0408258431918532,0.0412754219442499,0.0407193701751283,0.0401173799834506,0.0415342659659221,0.0401092736742503,0.0409478993759378,0.0407193701751283,0.0415194983487677,0.0411279673484299,0.04151202332567,0.0420157943920715,0.0403457928771439,0.0408331393634501,0.0406635397867175,0.0407115494998674,0.0408331393634501,0.040589562022221,0.0414198900420399,0.0407273177582194,0.0404753265133974,0.0409636889724949,0.0408336056839519,0.0419773640087578,0.0396976215141767,0.0415592136078548,0.0408331393634501,0.0412512200576918,0.0407193701751283,0.0421212261417911,0.0420157943920715,0.0404595086225669,0.0416645503865425,0.0412981978095018,0.040718950021709,0.0408331393634501,0.0406051927902587,0.041802579345249,0.0410695282083645,0.0407110667987533,0.0406051927902587,0.040718950021709,0.0409552807304919,0.0407273177582194,0.040841495143089,0.040718950021709,0.040718950021709,0.0415194983487677,0.0408336056839519,0.0416645503865425,0.0420157943920715,0.0409401951262999,0.0416645503865425,0.041158503551688,0.0407110667987533,0.0411838338815954,0.0420157943920715,0.0407110667987533,0.040841495143089,0.0406051927902587,0.0407110667987533,0.0407193701751283,0.0408336056839519,0.0411838338815954,0.0396976215141767,0.0403611491285278,0.0405819368656913
"PP376842.1 |Human respiratory syncytial virus B isolate 340101018, partial genome",0.0409396199498568,0,0.008667989147348,0.00821414436501069,0.00799357592882047,0.00821502721806733,0.00010853975486034,0.000542923126235263,0.00777551511610611,0.00799764240359353,0.00777551511610611,0.00833536072003564,0.00010853975486034,0.0093279168583464,0.000434298065027497,0.00810463182083302,0.00766624240211507,0.000434307331632817,0.00843542426150518,0.000434307331632817,0.00966756684088058,0.00988928279443459,0.00755243341828096,0.00822582676835484,0.00788358806351708,0.000325727424607761,0.000542890932766083,0.00855644017912511,0.00966756684088058,0.00733589084615431,0.0079977977827833,0.00977728120312526,0.00898763340106831,0.00722971342566316,0.00755799323407377,0.00843194521320102,0.000325727424607761,0.000325727424607761,0.00799357592882047,0.000434298065027497,0.00700065230757654,0.00810730437478882,0.00699931638135945,0.000651696144026318,0.0075536675581206,0.00821574465425602,0.00887217257351382,0.00821444474234401,0.00966756684088058,0.00799612095279233,0.000542890932766083,0.00810390293898841,0.000869009442298727,0.00755799323407377,0.00644551302080548,0.0079946575164295,0.00833732616304987,0.000651602662815063,0.000651602662815063,0.00766336207253414,0.00865490409621181,0.00832514889752873,0.00833350597052962,0.00755799323407377,0.00843322575639573,0.0075536675581206,0.00999458790724551,0.00966756684088058,0.0078866279495291,0.00855446933621846,0.0079977977827833,0.00833536072003564,0.00844490560778407,0.00822582676835484,0.00943968467508295,0.00777865450526068,0.00744386182538618,0.00822582676835484,0.00833536072003564,0.00766916306732796,0.00811438471185527,0.00844686004674963,0.00833536072003564,0.00833536072003564,0.00821574465425602,0.00844494802702919,0.00855446933621846,0.00966756684088058,0.0083334440716081,0.00855446933621846,0.00810548116549967,0.00744386182538618,0.00788819939300912,0.00966756684088058,0.00744386182538618,0.00844686004674963,0.00822582676835484,0.000651528967684469,0.000434298065027497,0.000542970777893258,0.000434319665994706,0.00843515499177391,0.00700065230757654,0.00766336207253414
"PP376850.1 |Human respiratory syncytial virus B isolate 340103033, complete genome",0.0410774909774789,0.008667989147348,0,0.00458172739265213,0.00414302652174988,0.00678420308935699,0.00855841683867274,0.00856268852247131,0.00370587731508686,0.00480169984273382,0.00370587731508686,0.000542898035907474,0.00855841683867274,0.00722648896781398,0.00888925938044281,0.00425284691943541,0.00381654514826354,0.00844895282166684,0.00480116436537127,0.00844895282166684,0.00601930158341519,0.00623943033833496,0.00877578285465809,0.000434303015663831,0.00425345108198338,0.00833940251035379,0.00856058076755345,0.00491787184391536,0.00601930158341519,0.00392484211138782,0.004581889185178,0.00612857194963221,0.00578678378524775,0.00316201413205939,0.00392835049068718,0.00921132786769957,0.00855841683867274,0.00855841683867274,0.00414302652174988,0.00822784571843068,0.00822212119328382,0.00403447573337418,0.00844304828568091,0.00867003108694787,0.00877764513216767,0.00436272299831726,0.00743987863937174,0.00436208128972638,0.00601930158341519,0.00392464207485786,0.00856058076755345,0.0064518589310272,0.0088956852787964,0.00392835049068718,0.00855260937240466,0.00425345108198338,0.000542982552243631,0.00867441786118787,0.00867441786118787,0.00888733964658121,0.00501962392849906,0.0095502346648219,0.00491761034403008,0.00392835049068718,0.00700182350235774,0.00877764513216767,0.00778219193314748,0.00601930158341519,0.00381564208798194,0.00491645872633889,0.00436530145371945,0.000542898035907474,0.000651528967684469,0.000434303015663831,0.00733757198493847,0.00392727914021777,0.00381644039472488,0.000434303015663831,0.000542898035907474,0.0040383939524521,0.000542982552243631,0.000869000741813884,0.000542898035907474,0.000542898035907474,0.00436272299831726,0.000651595839101024,0.00491645872633889,0.00601930158341519,0.00491515476670128,0.00491645872633889,0.0049098729381143,0.00381644039472488,0.00425627936277686,0.00601930158341519,0.00381644039472488,0.000651602662815063,0.000434303015663831,0.00867226624312875,0.00845101675862892,0.00856049720324812,0.00889130256880991,0.00966024075906707,0.00799952324124103,0.00381509058269586
"PP376871.1 |Human respiratory syncytial virus B isolate 340102040, complete genome",0.0415112705444412,0.00821414436501069,0.00458172739265213,0,0.00392207911098256,0.00633564862233886,0.00810463182083302,0.00810744972686989,0.00370346907350736,0.0043592574234102,0.00370346907350736,0.00425270077887234,0.00810463182083302,0.00677638911376325,0.00843542426150518,0.00403152448211382,0.00359483547955655,0.0079946575164295,0.00239354729306151,0.0079946575164295,0.00491120782713618,0.00513044161720236,0.00832317603870658,0.00414366569644391,0.000325723724913173,0.0078851670601927,0.00810578392466287,0.00381437132143855,0.00491120782713618,0.00370370084404682,0.00436003964927697,0.00502032891946547,0.00534409069494028,0.0031584580764349,0.0028299564173109,0.0089838958849514,0.00810463182083302,0.00810463182083302,0.00392207911098256,0.00777411116818015,0.0077705622398936,0.00403153519854167,0.00776918946965253,0.00821574465425602,0.00832431142808219,0.00414102515470259,0.0069933950712012,0.00414098294672725,0.00491120782713618,0.00392196597152181,0.00810578392466287,0.00600506906223278,0.00843966617776745,0.0028299564173109,0.00832242770150206,0.00425046933306385,0.00425354177532575,0.0082186766184661,0.0082186766184661,0.00843423193071913,0.000651867354263542,0.00898616025450782,0.00381480836946202,0.0028299564173109,0.00655500458211845,0.00832431142808219,0.00733045584895594,0.00491120782713618,0.00381296974609614,0.00381389885224094,0.00326677600203821,0.00425270077887234,0.0043618929351647,0.00414366569644391,0.00688697546705379,0.00304838228162309,0.00272064836816416,0.00414366569644391,0.00425270077887234,0.00293926507472224,0.00403384529875838,0.00458124493796605,0.00425270077887234,0.00425270077887234,0.00414102515470259,0.00436208128972638,0.00381389885224094,0.00491120782713618,0.00381353498642913,0.00381389885224094,0.00446780452908267,0.00272064836816416,0.003157552573503,0.00491120782713618,0.00272064836816416,0.00436272299831726,0.00414366569644391,0.00821696734665936,0.00799627989361569,0.00810598544437794,0.00843645419524055,0.0090963936239381,0.00754896147297014,0.00272151186038483
"PP376878.1 |Human respiratory syncytial virus B isolate 340102005, complete genome",0.0412754219442499,0.00799357592882047,0.00414302652174988,0.00392207911098256,0,0.00611601340864163,0.00788409570049362,0.0078867946197014,0.00326637368793346,0.00414063820534476,0.00326637368793346,0.00381437132143855,0.00788409570049362,0.00633564862233886,0.0082147955154142,0.00010855768279986,0.00315784527105666,0.00777411116818015,0.00414147553376666,0.00777411116818015,0.00535083500383196,0.00557030897042342,0.00788087658309999,0.00370539460906867,0.00359393210084142,0.00766465302334899,0.0078851670601927,0.00425270077887234,0.00535083500383196,0.00348538247615744,0.00414146214099015,0.00546001479529678,0.00512519442976078,0.00272134372101072,0.00326696093764437,0.0089842347000977,0.00788409570049362,0.00788409570049362,0,0.0075536675581206,0.00732883577602201,0.0035940237023761,0.00754896147297014,0.00799513803491731,0.00788183906150894,0.000217169773395316,0.00666353002793241,0.000217114433391623,0.00535083500383196,0.00348463357687245,0.0078851670601927,0.00578566326837716,0.0082188586741749,0.00326696093764437,0.00810188633785394,0.00381276759747633,0.00381509058269586,0.00799795086753451,0.00799795086753451,0.00799174848450878,0.0043600601809767,0.00909892526361669,0.0042530429718594,0.00326696093764437,0.00611600523819226,0.00788183906150894,0.00711029322609688,0.00535083500383196,0.0033756954828707,0.00425205927664838,0.00370399215034843,0.00381437132143855,0.00392355254443006,0.00370539460906867,0.0064460525362648,0.00348557655706596,0.00315713931764249,0.00370539460906867,0.00381437132143855,0.00337644842968215,0.00359575413429188,0.00414276092005332,0.00381437132143855,0.00381437132143855,0.000217169773395316,0.00392378832948378,0.00425205927664838,0.00535083500383196,0.00425152657059251,0.00425205927664838,0.00424919020176848,0.00315713931764249,0.00359475778005747,0.00535083500383196,0.00315713931764249,0.00392426087457577,0.00370539460906867,0.00799627989361569,0.00777569535777268,0.00788538987218622,0.00821574465425602,0.00920914749025135,0.00710760130043026,0.00337607381874609
"PP376887.1 |Human respiratory syncytial virus B isolate 340102022, complete genome",0.0410437952080858,0.00821502721806733,0.00678420308935699,0.00633564862233886,0.00611601340864163,0,0.00810548116549967,0.00810896927005722,0.00589800059278722,0.00589787986559365,0.00589800059278722,0.00645328621332554,0.00810548116549967,0.00744237792190668,0.00843593677084814,0.00622634772000892,0.00578889454072731,0.00799598779412859,0.00655590353585131,0.00799598779412859,0.00777866896035543,0.00799943677840704,0.00876825265695472,0.00634396483617178,0.0060063274824944,0.0078864637395454,0.00810722560433065,0.00667342535865914,0.00777866896035543,0.00545982086683108,0.00611883788384634,0.00788816906873996,0.00710565041799974,0.0053529219651186,0.0056805237200782,0.00953586807010045,0.00810548116549967,0.00810548116549967,0.00611601340864163,0.00799768794770818,0.00821507009156163,0.00622813263657007,0.00821344641858056,0.00821670537366244,0.00876995231529236,0.00633673823505475,0.00721328638517922,0.00633590361401726,0.00777866896035543,0.00611767244801479,0.00810722560433065,0.00381345116200311,0.00844118548483346,0.0056805237200782,0.0083262942997244,0.0062270790930267,0.0064547368943089,0.00822030776527947,0.00822030776527947,0.00887964838382764,0.00677491386663515,0.00909941070682043,0.00667334645453711,0.0056805237200782,0.00677522433473999,0.00876995231529236,0.00821670537366244,0.00777866896035543,0.00600839110783305,0.0065611839563686,0.00611883788384634,0.00645328621332554,0.00656257532529541,0.00634396483617178,0.00755341490738772,0.00590020640749306,0.00556804575214639,0.00634396483617178,0.00645328621332554,0.00579097049609148,0.006233249370799,0.00678273114916328,0.00645328621332554,0.00645328621332554,0.00633673823505475,0.00656257439639999,0.0065611839563686,0.00777866896035543,0.00667053728635139,0.0065611839563686,0.00622690960341541,0.00556804575214639,0.00600949551946293,0.00777866896035543,0.00556804575214639,0.00656401505355411,0.00634396483617178,0.00821852054269286,0.00799768794770818,0.00810716994038924,0.0084375599666316,0.00920931061231929,0.00799279278349826,0.005786988365423
"PP376889.1 |Human respiratory syncytial virus B isolate 340101001, complete genome",0.0408258431918532,0.00010853975486034,0.00855841683867274,0.00810463182083302,0.00788409570049362,0.00810548116549967,0,0.000434335815508629,0.00766605443925235,0.00788813907399226,0.00766605443925235,0.00822582676835484,0,0.00921822906659816,0.000325723724913173,0.00799513803491731,0.0075568081861698,0.000325727424607761,0.00832589477734292,0.000325727424607761,0.00955787128981212,0.00977955464273227,0.00744301004971653,0.0081163115801068,0.00777411116818015,0.000217166042113313,0.000434298065027497,0.00844687378416462,0.00955787128981212,0.00722648448254893,0.00788830994901417,0.00966756684088058,0.00887800237532804,0.00712032064307209,0.00744855199788752,0.0083224431708112,0.000217166042113313,0.000217166042113313,0.00788409570049362,0.000325723724913173,0.00689129149318351,0.0079977977827833,0.00688995031680718,0.000543100134354402,0.00744424169714216,0.00810623729684603,0.00876256277658978,0.00810493989846717,0.00955787128981212,0.0078866279495291,0.000434298065027497,0.00799437823703539,0.000760385321761176,0.00744855199788752,0.00633620880676664,0.0078851670601927,0.00822779730871871,0.000543002368464131,0.000543002368464131,0.00755392517742727,0.00854534476414212,0.00821564832793681,0.00822398241988975,0.00744855199788752,0.00832367567451019,0.00744424169714216,0.00988484640851505,0.00955787128981212,0.00777715370118107,0.00844490560778407,0.00788830994901417,0.00822582676835484,0.00833536065205459,0.0081163115801068,0.00932998315137737,0.00766918869033983,0.00733443926462567,0.0081163115801068,0.00822582676835484,0.00755970824572063,0.00800488317563935,0.00833732019058032,0.00822582676835484,0.00822582676835484,0.00810623729684603,0.0083354108243572,0.00844490560778407,0.00955787128981212,0.00822390500815829,0.00844490560778407,0.00799595389167822,0.00733443926462567,0.00777872257403958,0.00955787128981212,0.00733443926462567,0.00833732019058032,0.0081163115801068,0.000542923126235263,0.000325723724913173,0.000434385608248189,0.000325735456487843,0.00832564332528432,0.00689129149318351,0.00755392517742727
"PP376899.1 |Human respiratory syncytial virus B isolate 340101034, complete genome",0.040841495143089,0.000542923126235263,0.00856268852247131,0.00810744972686989,0.0078867946197014,0.00810896927005722,0.000434335815508629,0,0.00766918869033983,0.00789172573499006,0.00766918869033983,0.0082299754526971,0.000434335815508629,0.00922275547203001,0.000760378777905359,0.00799795086753451,0.00755982517594869,0.000325735456487843,0.00832860683690599,0.000325735456487843,0.00956262687457177,0.0097844316315836,0.00744558372679933,0.00812045488970629,0.00777702955975492,0.000217169773395316,0.000434414993067642,0.00845114272730271,0.00956262687457177,0.00722971342566316,0.00789167237776668,0.0096723279672259,0.00888140533268417,0.00712398552395768,0.00745212075755489,0.00810207510037136,0.000434335815508629,0.000434335815508629,0.0078867946197014,0.000325836326350818,0.00689373904130715,0.008001165405396,0.00689228961865798,0.000543002368464131,0.00744703614455515,0.00810916415976137,0.00876518597847165,0.00810764538194805,0.00956262687457177,0.0078898813968569,0.000434414993067642,0.00799764007000399,0.000760720056846063,0.00745212075755489,0.0063378760153897,0.00788819939300912,0.00823205544373114,0.000543333038010268,0.000543333038010268,0.00755661250694395,0.00854795430061742,0.00821802116584809,0.00822779730871871,0.00745212075755489,0.00832650373396388,0.00744703614455515,0.00988928279443459,0.00956262687457177,0.00778040198256668,0.00822586928210292,0.00789167237776668,0.0082299754526971,0.00833940251035379,0.00812045488970629,0.00933462493596371,0.00767276487549079,0.0073374527359588,0.00812045488970629,0.0082299754526971,0.00756339115275488,0.008008911777939,0.00834147152099786,0.0082299754526971,0.0082299754526971,0.00810916415976137,0.008339340420486,0.00822586928210292,0.00956262687457177,0.00822794430598116,0.00822586928210292,0.00799943677840704,0.0073374527359588,0.00778219193314748,0.00956262687457177,0.0073374527359588,0.00834147152099786,0.00812045488970629,0.000543149059685545,0.000325836326350818,0.000434393076942581,0.000760336729432966,0.00832790843627315,0.00689373904130715,0.00755661250694395
"PP376914.1 |Human respiratory syncytial virus B isolate 340103018, complete genome",0.0403377104938641,0.00777551511610611,0.00370587731508686,0.00370346907350736,0.00326637368793346,0.00589800059278722,0.00766605443925235,0.00766918869033983,0,0.00392227893816114,0,0.00337749232753042,0.00766605443925235,0.00633864915715205,0.00799648913411494,0.0033756954828707,0.00293950327544924,0.00755637183858349,0.00392262053997392,0.00755637183858349,0.00491287429850926,0.00513224596235666,0.00788409570049362,0.00326856156219777,0.00337558623184454,0.007446933180578,0.00766748467200649,0.00403533209414363,0.00491287429850926,0.00326691639426371,0.00392282255578696,0.00502200789287627,0.00490624652259129,0.00228520602234326,0.0030493821053882,0.00876399512211236,0.00766605443925235,0.00766605443925235,0.00326637368793346,0.00733589084615431,0.00733186700245863,0.00337589255292296,0.00755216997515169,0.00777715370118107,0.00788538987218622,0.00348507245442133,0.00655455827064063,0.00348498305222853,0.00491287429850926,0.000217110395280076,0.00766748467200649,0.00556734160442764,0.00800120626146643,0.0030493821053882,0.00788358806351708,0.00315736118634638,0.00337820203697456,0.00778040198256668,0.00778040198256668,0.00799513803491731,0.00414102515470259,0.00887983983262894,0.00403539485234983,0.0030493821053882,0.00611661575104893,0.00788538987218622,0.00689228961865798,0.00491287429850926,0.00010855768279986,0.0038148640545628,0.00348599126576284,0.00337749232753042,0.003486514418473,0.00326856156219777,0.00644922206724605,0.00326789409142763,0.00293907667881179,0.00326856156219777,0.00337749232753042,0.0031589249414689,0.0031589765301424,0.00370539460906867,0.00337749232753042,0.00337749232753042,0.00348507245442133,0.00348663692739103,0.0038148640545628,0.00491287429850926,0.00381422761159381,0.0038148640545628,0.0040307361802035,0.00293907667881179,0.00337691618237022,0.00491287429850926,0.00293907667881179,0.00348721322864501,0.00326856156219777,0.00777865450526068,0.00755803244250672,0.00766756632620647,0.0079977977827833,0.00898989988046823,0.00711029322609688,0.00293926507472224
"PP376939.1 |Human respiratory syncytial virus B isolate 340101039, complete genome",0.0410529036650928,0.00799764240359353,0.00480169984273382,0.0043592574234102,0.00414063820534476,0.00589787986559365,0.00788813907399226,0.00789172573499006,0.00392227893816114,0,0.00392227893816114,0.00447246555677525,0.00788813907399226,0.00655988051035858,0.0082185448690807,0.00425020743236462,0.00381353498642913,0.00777866896035543,0.00457871761689007,0.00777866896035543,0.00579098406594904,0.00601072011299126,0.00788358806351708,0.00436339618630692,0.00403098083363483,0.00766918761548851,0.00788992306067053,0.00469158110716059,0.00579098406594904,0.0032664471817917,0.00392227893816114,0.00590023044159707,0.00381218658170574,0.00337749232753042,0.00370445361553358,0.00876431686790025,0.00788813907399226,0.00788813907399226,0.00414063820534476,0.00755800419349202,0.0075533031289144,0.00425062728307503,0.00777378928852689,0.00799937956828415,0.00810730437478882,0.00435983208611036,0.00655381651881238,0.00435962350963134,0.00579098406594904,0.00414093391952134,0.00788992306067053,0.00556704053744423,0.00822394163815389,0.00370445361553358,0.00810553180484265,0.00446964340776474,0.00447339709838837,0.00800308054983025,0.00800308054983025,0.00821696734665936,0.00479733667672943,0.0084367274090212,0.00469172830473358,0.00370445361553358,0.00611601340864163,0.00810730437478882,0.00733279151766789,0.00579098406594904,0.00403190359190688,0.00469071448488508,0.00392323066179155,0.00447246555677525,0.00458161553168385,0.00436339618630692,0.00667059331691804,0.00392323066179155,0.00359399276304452,0.00436339618630692,0.00447246555677525,0.00381413375210999,0.00425345108198338,0.00480097361897277,0.00447246555677525,0.00447246555677525,0.00435983208611036,0.00436339618630692,0.00469071448488508,0.00579098406594904,0.00468995682487942,0.00469071448488508,0.0040303966914937,0.00359399276304452,0.00381413375210999,0.00579098406594904,0.00359399276304452,0.00458253614844121,0.00436339618630692,0.00800123430588343,0.0077804281097804,0.00788987713482994,0.00822020774912153,0.00854659409475938,0.00733144847497043,0.00381276759747633
"PP376947.1 |Human respiratory syncytial virus B isolate 340103003, complete genome",0.0403377104938641,0.00777551511610611,0.00370587731508686,0.00370346907350736,0.00326637368793346,0.00589800059278722,0.00766605443925235,0.00766918869033983,0,0.00392227893816114,0,0.00337749232753042,0.00766605443925235,0.00633864915715205,0.00799648913411494,0.0033756954828707,0.00293950327544924,0.00755637183858349,0.00392262053997392,0.00755637183858349,0.00491287429850926,0.00513224596235666,0.00788409570049362,0.00326856156219777,0.00337558623184454,0.007446933180578,0.00766748467200649,0.00403533209414363,0.00491287429850926,0.00326691639426371,0.00392282255578696,0.00502200789287627,0.00490624652259129,0.00228520602234326,0.0030493821053882,0.00876399512211236,0.00766605443925235,0.00766605443925235,0.00326637368793346,0.00733589084615431,0.00733186700245863,0.00337589255292296,0.00755216997515169,0.00777715370118107,0.00788538987218622,0.00348507245442133,0.00655455827064063,0.00348498305222853,0.00491287429850926,0.000217110395280076,0.00766748467200649,0.00556734160442764,0.00800120626146643,0.0030493821053882,0.00788358806351708,0.00315736118634638,0.00337820203697456,0.00778040198256668,0.00778040198256668,0.00799513803491731,0.00414102515470259,0.00887983983262894,0.00403539485234983,0.0030493821053882,0.00611661575104893,0.00788538987218622,0.00689228961865798,0.00491287429850926,0.00010855768279986,0.0038148640545628,0.00348599126576284,0.00337749232753042,0.003486514418473,0.00326856156219777,0.00644922206724605,0.00326789409142763,0.00293907667881179,0.00326856156219777,0.00337749232753042,0.0031589249414689,0.0031589765301424,0.00370539460906867,0.00337749232753042,0.00337749232753042,0.00348507245442133,0.00348663692739103,0.0038148640545628,0.00491287429850926,0.00381422761159381,0.0038148640545628,0.0040307361802035,0.00293907667881179,0.00337691618237022,0.00491287429850926,0.00293907667881179,0.00348721322864501,0.00326856156219777,0.00777865450526068,0.00755803244250672,0.00766756632620647,0.0079977977827833,0.00898989988046823,0.00711029322609688,0.00293926507472224
"PP376949.1 |Human respiratory syncytial virus B isolate 340103019, complete genome",0.040718950021709,0.00833536072003564,0.000542898035907474,0.00425270077887234,0.00381437132143855,0.00645328621332554,0.00822582676835484,0.0082299754526971,0.00337749232753042,0.00447246555677525,0.00337749232753042,0,0.00822582676835484,0.00689519354097878,0.00855644742172422,0.0039240805258633,0.00348795970911583,0.00811643124185218,0.00447195736860823,0.00811643124185218,0.00568869577301195,0.00590867333223555,0.00844314688904996,0.00010853975486034,0.00392464207485786,0.00800691926607896,0.00822794430598116,0.00458821459281926,0.00568869577301195,0.00359627740216781,0.00425284691943541,0.00579792824757662,0.00545699999781169,0.00283380417520368,0.00359956764119221,0.00887864309527712,0.00822582676835484,0.00822582676835484,0.00381437132143855,0.00789547720957939,0.00788993586626643,0.00370583106216837,0.00811071029314444,0.00833732616304987,0.00844494802702919,0.00403384529875838,0.00710870117444021,0.0040332617488548,0.00568869577301195,0.00359610862375407,0.00822794430598116,0.00612126614649495,0.00856268852247131,0.00359956764119221,0.00800120626146643,0.00392464207485786,0.000217110395280076,0.00834158970097223,0.00834158970097223,0.00855458894554953,0.00469032612653675,0.00921702386179789,0.00458792259323407,0.00359956764119221,0.00667082905813284,0.00844494802702919,0.00745028118806394,0.00568869577301195,0.00348714601971953,0.00458686093061368,0.00403624829017651,0,0.000325676399855822,0.00010853975486034,0.00700616279466192,0.00359855498440012,0.00348788607418554,0.00010853975486034,0,0.00370949945776199,0.000217110395280076,0.000542970777893258,0,0,0.00403384529875838,0.000325727424607761,0.00458686093061368,0.00568869577301195,0.00458561626061667,0.00458686093061368,0.00458067528493667,0.00348788607418554,0.00392727914021777,0.00568869577301195,0.00348788607418554,0.000325677954456065,0.00010853975486034,0.0083395147814161,0.00811841866077399,0.00822784571843068,0.00855844425959956,0.00932697605532119,0.00766756632620647,0.00348663692739103
"PP376957.1 |Human respiratory syncytial virus B isolate 340101021, complete genome",0.0408258431918532,0.00010853975486034,0.00855841683867274,0.00810463182083302,0.00788409570049362,0.00810548116549967,0,0.000434335815508629,0.00766605443925235,0.00788813907399226,0.00766605443925235,0.00822582676835484,0,0.00921822906659816,0.000325723724913173,0.00799513803491731,0.0075568081861698,0.000325727424607761,0.00832589477734292,0.000325727424607761,0.00955787128981212,0.00977955464273227,0.00744301004971653,0.0081163115801068,0.00777411116818015,0.000217166042113313,0.000434298065027497,0.00844687378416462,0.00955787128981212,0.00722648448254893,0.00788830994901417,0.00966756684088058,0.00887800237532804,0.00712032064307209,0.00744855199788752,0.0083224431708112,0.000217166042113313,0.000217166042113313,0.00788409570049362,0.000325723724913173,0.00689129149318351,0.0079977977827833,0.00688995031680718,0.000543100134354402,0.00744424169714216,0.00810623729684603,0.00876256277658978,0.00810493989846717,0.00955787128981212,0.0078866279495291,0.000434298065027497,0.00799437823703539,0.000760385321761176,0.00744855199788752,0.00633620880676664,0.0078851670601927,0.00822779730871871,0.000543002368464131,0.000543002368464131,0.00755392517742727,0.00854534476414212,0.00821564832793681,0.00822398241988975,0.00744855199788752,0.00832367567451019,0.00744424169714216,0.00988484640851505,0.00955787128981212,0.00777715370118107,0.00844490560778407,0.00788830994901417,0.00822582676835484,0.00833536065205459,0.0081163115801068,0.00932998315137737,0.00766918869033983,0.00733443926462567,0.0081163115801068,0.00822582676835484,0.00755970824572063,0.00800488317563935,0.00833732019058032,0.00822582676835484,0.00822582676835484,0.00810623729684603,0.0083354108243572,0.00844490560778407,0.00955787128981212,0.00822390500815829,0.00844490560778407,0.00799595389167822,0.00733443926462567,0.00777872257403958,0.00955787128981212,0.00733443926462567,0.00833732019058032,0.0081163115801068,0.000542923126235263,0.000325723724913173,0.000434385608248189,0.000325735456487843,0.00832564332528432,0.00689129149318351,0.00755392517742727
"PP376975.1 |Human respiratory syncytial virus B isolate 340102006, complete genome",0.0416799243731,0.0093279168583464,0.00722648896781398,0.00677638911376325,0.00633564862233886,0.00744237792190668,0.00921822906659816,0.00922275547203001,0.00633864915715205,0.00655988051035858,0.00633864915715205,0.00689519354097878,0.00921822906659816,0,0.009549236589553,0.0064460525362648,0.00622943620860042,0.0091088554320038,0.00699678948399355,0.0091088554320038,0.00777695845929039,0.00799768794770818,0.00965894369474973,0.00678581291409292,0.00644686373130565,0.00899918964265941,0.00922062324874035,0.00700459290821615,0.00777695845929039,0.00567936911643395,0.00633864915715205,0.0078864637395454,0.00754734752017047,0.00579359118672974,0.00612132181471436,0.0105374076715625,0.00921822906659816,0.00921822906659816,0.00633564862233886,0.00911094372743862,0.00910449357998889,0.00644797605786669,0.00910256981641551,0.00932998315137737,0.00966104833414439,0.00655651272482008,0.00699761828115934,0.00655561943874491,0.00777695845929039,0.00655856241115723,0.00922062324874035,0.00755327086369001,0.00955604516516766,0.00612132181471436,0.00965902700324646,0.00688932218137468,0.00689676863133109,0.00933462493596371,0.00933462493596371,0.00977075543934112,0.00721586986177476,0.010214205408013,0.00645051635189493,0.00612132181471436,0.00744374723490606,0.00966104833414439,0.00799937956828415,0.00777695845929039,0.00644922206724605,0.00711390393222326,0.00655985142442531,0.00689519354097878,0.00700449360786906,0.00678581291409292,0.00010855768279986,0.00634119802755224,0.00589901905114172,0.00678581291409292,0.00689519354097878,0.00623195117189362,0.00667491397738712,0.00722479577640231,0.00689519354097878,0.00689519354097878,0.00655651272482008,0.00700444439044619,0.00711390393222326,0.00777695845929039,0.0068906604667377,0.00711390393222326,0.00666795474071286,0.00589901905114172,0.00645049809444252,0.00777695845929039,0.00589901905114172,0.00700605774330095,0.00678581291409292,0.00933244873946368,0.00911094372743862,0.00922043671374412,0.00955151016580628,0.0103241163912301,0.00888138807939036,0.00622723580160054
