"","NC_038235.1_Human_orthopneumovirus_Subgroup_A,_complete_cds","PP376267.1 |Human respiratory syncytial virus A isolate 340103027, complete genome","PP376279.1 |Human respiratory syncytial virus A isolate 340102020, complete genome","PP376312.1 |Human respiratory syncytial virus A isolate 340103015, complete genome","PP376378.1 |Human respiratory syncytial virus A isolate 340103009, complete genome","PP376392.1 |Human respiratory syncytial virus A isolate 340102044, complete genome","PP376428.1 |Human respiratory syncytial virus A isolate 340102029, complete genome","PP376436.1 |Human respiratory syncytial virus A isolate 340101011, complete genome","PP376462.1 |Human respiratory syncytial virus A isolate 340102001, complete genome","PP376463.1 |Human respiratory syncytial virus A isolate 340103006, complete genome","PP376465.1 |Human respiratory syncytial virus A isolate 340103038, complete genome","PP376496.1 |Human respiratory syncytial virus A isolate 340103024, complete genome","PP376505.1 |Human respiratory syncytial virus A isolate 340102036, complete genome","PP376520.1 |Human respiratory syncytial virus A isolate 340102002, complete genome","PP376521.1 |Human respiratory syncytial virus A isolate 340103013, complete genome","PP376536.1 |Human respiratory syncytial virus A isolate 340102016, complete genome","PP376543.1 |Human respiratory syncytial virus A isolate 340102017, complete genome","PP376551.1 |Human respiratory syncytial virus A isolate 340103011, complete genome","PP376578.1 |Human respiratory syncytial virus A isolate 340102003, complete genome","PP376630.1 |Human respiratory syncytial virus A isolate 340103028, complete genome","PP376633.1 |Human respiratory syncytial virus A isolate 340103016, complete genome","PP376640.1 |Human respiratory syncytial virus A isolate 340103029, complete genome","PP376658.1 |Human respiratory syncytial virus A isolate 340102041, complete genome","PP376662.1 |Human respiratory syncytial virus A isolate 340102048, complete genome","PP376672.1 |Human respiratory syncytial virus A isolate 340102015, complete genome","PP376692.1 |Human respiratory syncytial virus A isolate 340102049, complete genome","PP376723.1 |Human respiratory syncytial virus A isolate 340102008, complete genome","PP376725.1 |Human respiratory syncytial virus A isolate 340103020, complete genome","PP376744.1 |Human respiratory syncytial virus A isolate 340102051, complete genome","PP376751.1 |Human respiratory syncytial virus A isolate 340102010, complete genome","PP376752.1 |Human respiratory syncytial virus A isolate 340103023, complete genome","PP376770.1 |Human respiratory syncytial virus A isolate 340103007, complete genome","PP376806.1 |Human respiratory syncytial virus A isolate 340103010, complete genome","PP376809.1 |Human respiratory syncytial virus A isolate 340102037, complete genome","PP376822.1 |Human respiratory syncytial virus A isolate 340103026, complete genome","PP377586.1 |UNVERIFIED: Human respiratory syncytial virus A isolate 340103001, partial genome","MZ515570.1 |Human respiratory syncytial virus A isolate SE02-0101-V01, complete genome","MZ515576.1 |Human respiratory syncytial virus A isolate SE02-0018-D05, complete genome","MZ515579.1 |Human respiratory syncytial virus A isolate SE02-0002-D02, complete genome","MZ515583.1 |Human respiratory syncytial virus A isolate SE01A-0154-V02, complete genome","MZ515585.1 |Human respiratory syncytial virus A isolate SE02-0002-D03, complete genome","MZ515588.1 |Human respiratory syncytial virus A isolate SE02-0003-D02, complete genome","MZ515609.1 |Human respiratory syncytial virus A isolate SE02-0006-V01, complete genome","MZ515619.1 |Human respiratory syncytial virus A isolate SE01A-0160-V02, complete genome","MZ515629.1 |Human respiratory syncytial virus A isolate SE02-0019-V01, complete genome","MZ515633.1 |Human respiratory syncytial virus A isolate SE02-0021-V01, complete genome","MZ515640.1 |Human respiratory syncytial virus A isolate SE01A-0141-V02, complete genome","MZ515642.1 |Human respiratory syncytial virus A isolate SE02-0001-D05, partial genome","MZ515676.1 |Human respiratory syncytial virus A isolate SE02-0001-D04, partial genome","MZ515686.1 |Human respiratory syncytial virus A isolate SE01A-0047-V02, partial genome","MZ515688.1 |Human respiratory syncytial virus A isolate SE01A-0120-V02, complete genome","MZ515692.1 |Human respiratory syncytial virus A isolate SE02-0001-V01, complete genome","MZ515693.1 |Human respiratory syncytial virus A isolate SE02-0023-D03, complete genome","MZ515706.1 |Human respiratory syncytial virus A isolate SE01A-0106-V02, complete genome","MZ515735.1 |Human respiratory syncytial virus A isolate SE02-0021-D04, complete genome","MZ515737.1 |Human respiratory syncytial virus A isolate SE02-0100-D04, complete genome","MZ515750.1 |Human respiratory syncytial virus A isolate SE02-0103-D03, partial genome","MZ515758.1 |Human respiratory syncytial virus A isolate SE02-0100-V01, complete genome","MZ515760.1 |Human respiratory syncytial virus A isolate SE02-0001-D03, complete genome","MZ515773.1 |Human respiratory syncytial virus A isolate SE01A-0167-V02, complete genome","MZ515777.1 |Human respiratory syncytial virus A isolate SE02-0103-D02, complete genome","MZ515781.1 |Human respiratory syncytial virus A isolate SE02-0021-D05, complete genome","MZ515796.1 |Human respiratory syncytial virus A isolate SE02-0102-D02, partial genome","MZ515797.1 |Human respiratory syncytial virus A isolate SE02-0021-D06, complete genome","MZ515804.1 |Human respiratory syncytial virus A isolate SE02-0021-D02, complete genome","MZ515810.1 |Human respiratory syncytial virus A isolate SE02-0102-D03, partial genome","MZ515816.1 |Human respiratory syncytial virus A isolate SE02-0001-D06, partial genome","MZ515842.1 |Human respiratory syncytial virus A isolate SE01A-0172-V02, complete genome","MZ515851.1 |Human respiratory syncytial virus A isolate SE01A-0064-V02, complete genome","MZ515860.1 |Human respiratory syncytial virus A isolate SE01A-0146-V02, complete genome","MZ515867.1 |Human respiratory syncytial virus A isolate SE02-0023-D05, partial genome","MZ515873.1 |Human respiratory syncytial virus A isolate SE02-0002-D04, complete genome","MZ515878.1 |Human respiratory syncytial virus A isolate SE01A-0137-V02, complete genome","MZ515881.1 |Human respiratory syncytial virus A isolate SE02-0022-D03, partial genome","MZ515885.1 |Human respiratory syncytial virus A isolate SE02-0101-D03, partial genome","MZ515887.1 |Human respiratory syncytial virus A isolate SE01A-0077-V02, complete genome","MZ515896.1 |Human respiratory syncytial virus A isolate SE01A-0139-V02, partial genome","MZ515902.1 |Human respiratory syncytial virus A isolate SE01A-0069-V02, complete genome","MZ515912.1 |Human respiratory syncytial virus A isolate SE01A-0205-V02, partial genome","MZ515920.1 |Human respiratory syncytial virus A isolate SE02-0006-D07, partial genome","MZ515940.1 |Human respiratory syncytial virus A isolate SE01A-0108-V02, complete genome","MZ515941.1 |Human respiratory syncytial virus A isolate SE01A-0163-V02, complete genome","MZ515943.1 |Human respiratory syncytial virus A isolate SE01A-0045-V02, complete genome","MZ515956.1 |Human respiratory syncytial virus A isolate SE02-0003-V01, complete genome","MZ515961.1 |Human respiratory syncytial virus A isolate SE01A-0107-V02, complete genome","MZ515962.1 |Human respiratory syncytial virus A isolate SE02-0021-D03, complete genome","MZ515963.1 |Human respiratory syncytial virus A isolate SE02-0018-V01, complete genome","MZ515984.1 |Human respiratory syncytial virus A isolate SE01A-0071-V02, complete genome","MZ515987.1 |Human respiratory syncytial virus A isolate SE02-0015-D02, complete genome","MZ516002.1 |Human respiratory syncytial virus A isolate SE02-0008-V01, complete genome","MZ516004.1 |Human respiratory syncytial virus A isolate SE02-0008-D02, complete genome","MZ516007.1 |Human respiratory syncytial virus A isolate SE02-0007-V01, complete genome","MZ516011.1 |Human respiratory syncytial virus A isolate SE01A-0186-V02, complete genome","MZ516014.1 |Human respiratory syncytial virus A isolate SE01A-0119-V02, complete genome","MZ516031.1 |Human respiratory syncytial virus A isolate SE02-0007-D02, complete genome","MZ516033.1 |Human respiratory syncytial virus A isolate SE01A-0194-V02, complete genome","MZ516036.1 |Human respiratory syncytial virus A isolate SE02-0006-D06, partial genome","MZ516047.1 |Human respiratory syncytial virus A isolate SE02-0100-D02, complete genome","MZ516052.1 |Human respiratory syncytial virus A isolate SE02-0102-V01, complete genome","MZ516066.1 |Human respiratory syncytial virus A isolate SE02-0100-D03, complete genome","MZ516069.1 |Human respiratory syncytial virus A isolate SE02-0103-V01, partial genome","MZ516071.1 |Human respiratory syncytial virus A isolate SE02-0007-D04, complete genome","MZ516075.1 |Human respiratory syncytial virus A isolate SE02-0002-V01, complete genome","MZ516091.1 |Human respiratory syncytial virus A isolate SE02-0006-D09, partial genome","MZ516100.1 |Human respiratory syncytial virus A isolate SE02-0023-V01, complete genome","MZ516111.1 |Human respiratory syncytial virus A isolate SE02-0001-D02, complete genome","MZ516117.1 |Human respiratory syncytial virus A isolate SE01A-0061-V02, complete genome","MZ516120.1 |Human respiratory syncytial virus A isolate SE01A-0110-V02, complete genome","MZ516124.1 |Human respiratory syncytial virus A isolate SE02-0023-D02, partial genome","MZ516142.1 |Human respiratory syncytial virus A isolate SE02-0015-V01, partial genome"
"NC_038235.1_Human_orthopneumovirus_Subgroup_A,_complete_cds",0,0.0655545245636188,0.0635044839954856,0.0655545245636188,0.0651578503853108,0.0635270370798517,0.0635124209961283,0.0622020034650136,0.0640753432327492,0.0655545245636188,0.0653498941042341,0.065376568890734,0.0635124209961283,0.0640753432327492,0.0656004462131824,0.0633085923615111,0.0633085923615111,0.0651578503853108,0.0633046861718597,0.0651814337316345,0.0647480618240254,0.0657737820721968,0.0635270370798517,0.064708299079326,0.0640615028040289,0.0645390257637411,0.0640753432327492,0.065376568890734,0.0652427155182771,0.0640659185474859,0.065386721292615,0.0649393530766141,0.0649444483395557,0.0635270370798517,0.0658386035288338,0.0633233940996255,0.065376568890734,0.0641578138424345,0.0633085923615111,0.0654002683001163,0.0633085923615111,0.0642795485409271,0.0640753432327492,0.06467054954737,0.0655120513019912,0.0655545245636188,0.0651814337316345,0.0642704592560937,0.0642704592560937,0.0635083671209372,0.0660340560773189,0.0642704592560937,0.0655545245636188,0.0647480618240254,0.0655545245636188,0.0655955090411967,0.0645621347460431,0.0655955090411967,0.0642704592560937,0.0649528622188119,0.0645621347460431,0.0655545245636188,0.0655734055591927,0.0655545245636188,0.0655545245636188,0.0657778357976518,0.0642704592560937,0.0640839444519735,0.0655545245636188,0.0654002683001163,0.0655545245636188,0.0633085923615111,0.0651578503853108,0.0647667093957102,0.065376568890734,0.0640753432327492,0.065376568890734,0.0642795485409271,0.0654002683001163,0.0640753432327492,0.0651814337316345,0.0622418198446789,0.0633085923615111,0.0642795485409271,0.0655817451735791,0.0655545245636188,0.0641578138424345,0.0635231834805564,0.0655955090411967,0.0636841928534082,0.0636841928534082,0.0633085923615111,0.0654002683001163,0.0651578503853108,0.0633085923615111,0.065386721292615,0.0640753432327492,0.0655955090411967,0.0655734055591927,0.0655955090411967,0.0645621347460431,0.0633085923615111,0.0633085923615111,0.0640753432327492,0.0655545245636188,0.0642704592560937,0.0633085923615111,0.0651578503853108,0.0655545245636188,0.0655955090411967
"PP376267.1 |Human respiratory syncytial virus A isolate 340103027, complete genome",0.0655545245636188,0,0.0142974594833986,0.000371296820989421,0.0144796763518108,0.0141129779350657,0.0141095547592144,0.0148618828098832,0.0135249632972159,0.0156249025923079,0.0150520441031851,0.0146718204504927,0.0141095547592144,0.0135249632972159,0.0162072572696347,0.0139203607016928,0.0142989090502011,0.0144796763518108,0.0141088823036797,0.0169770626987683,0.0156295038352199,0.000185574018335659,0.0141129779350657,0.0140968919146376,0.0139061397453914,0.0146705778841531,0.0135249632972159,0.015442110257139,0.0160379695893785,0.00447056143367491,0.0163932535290272,0.0146718204504927,0.0160140412414092,0.0141129779350657,0.0175594392178727,0.0131612915639927,0.0146718204504927,0.0148718819880953,0.0139203607016928,0.0163962517980549,0.0139203607016928,0.0137142557036445,0.0135249632972159,0.00690643674240153,0.0169741461002087,0.0156249025923079,0.0162029946267085,0.00465753307386165,0.00465753307386165,0.0141088823036797,0.0152492801825275,0.00465753307386165,0,0.0156295038352199,0.0156249025923079,0.0148641355851936,0.0152505512253957,0.0148641355851936,0.00465753307386165,0.014289806733193,0.0152505512253957,0.0156249025923079,0.0156289719508748,0.0156249025923079,0.0156249025923079,0.0158187793476939,0.00465753307386165,0.0139105505420826,0.0156249025923079,0.0163962517980549,0,0.0139203607016928,0.0144796763518108,0.0156334998853225,0.0146718204504927,0.0135249632972159,0.0146718204504927,0.0137142557036445,0.0163962517980549,0.0135249632972159,0.0162029946267085,0.0131589270495539,0.0139203607016928,0.0137142557036445,0.0148618514494078,0.0156249025923079,0.0148718819880953,0.0143015404255287,0.0148641355851936,0.0135291900573302,0.0135291900573302,0.0139203607016928,0.0163962517980549,0.0144796763518108,0.0139203607016928,0.0163932535290272,0.0135249632972159,0.0148641355851936,0.0156289719508748,0.0148641355851936,0.0152505512253957,0.0139203607016928,0.0139203607016928,0.0135249632972159,0,0.00465753307386165,0.0139203607016928,0.0144796763518108,0,0.0148641355851936
"PP376279.1 |Human respiratory syncytial virus A isolate 340102020, complete genome",0.0635044839954856,0.0142974594833986,0,0.0146761390521709,0.00691063416556213,0.000556746974659233,0.00055673143709367,0.013336312830473,0.013143312650375,0.0152407703422768,0.00747473175168935,0.0070995618818849,0.00055673143709367,0.013143312650375,0.00785255688806348,0.000371097035582458,0.000742520096799685,0.00691063416556213,0.000185521424298084,0.00860875944015367,0.00766382482340234,0.0144901585110869,0.000556746974659233,0.0135216175034929,0.0131420652770939,0.0054056028983951,0.013143312650375,0.0070995618818849,0.00353591085501611,0.0135336761119547,0.00803813922225529,0.0070995618818849,0.00842144865841492,0.000556746974659233,0.00917927266658358,0.00785448265326471,0.0070995618818849,0.00578520875678846,0.000371097035582458,0.00803974877921161,0.000371097035582458,0.0133331492743767,0.013143312650375,0.0150575774407176,0.0161988782391226,0.0152407703422768,0.00785041109617609,0.013723158036625,0.013723158036625,0.000556726868732901,0.00766733832276417,0.013723158036625,0.0142974594833986,0.00766382482340234,0.0152407703422768,0.0072886549535979,0.0061591033351988,0.0072886549535979,0.013723158036625,0.0067232850460685,0.0061591033351988,0.0152407703422768,0.015244359237886,0.0152407703422768,0.0152407703422768,0.0154347138217916,0.013723158036625,0.0123849835021427,0.0152407703422768,0.00803974877921161,0.0142974594833986,0.000371097035582458,0.00691063416556213,0.0076659692118985,0.0070995618818849,0.013143312650375,0.0070995618818849,0.0133331492743767,0.00803974877921161,0.013143312650375,0.00785041109617609,0.00484986230620998,0.000371097035582458,0.0133331492743767,0.00728706812372897,0.0152407703422768,0.00578520875678846,0.000371133395240847,0.0072886549535979,0.00522000945663406,0.00522000945663406,0.000371097035582458,0.00803974877921161,0.00691063416556213,0.000371097035582458,0.00803813922225529,0.013143312650375,0.0072886549535979,0.015244359237886,0.0072886549535979,0.0061591033351988,0.000371097035582458,0.000371097035582458,0.013143312650375,0.0142974594833986,0.013723158036625,0.000371097035582458,0.00691063416556213,0.0142974594833986,0.0072886549535979
"PP376312.1 |Human respiratory syncytial virus A isolate 340103015, complete genome",0.0655545245636188,0.000371296820989421,0.0146761390521709,0,0.0144796763518108,0.0144915262835739,0.0144884238462947,0.0152415928759758,0.0139037085102408,0.0160047446854383,0.0150520441031851,0.0146718204504927,0.0144884238462947,0.0139037085102408,0.0165878708007461,0.0142989090502011,0.0146780994198289,0.0144796763518108,0.0144874962509504,0.0173577425464097,0.0160103752091291,0.000556870839325079,0.0144915262835739,0.014475447733232,0.0142852060308177,0.0150505445699967,0.0139037085102408,0.0158223339098314,0.0164166491581508,0.00484466120361803,0.0167742577389352,0.0146718204504927,0.0163946547725206,0.0144915262835739,0.0179401190655141,0.0135388809468566,0.0146718204504927,0.0152519733484149,0.0142989090502011,0.0167769316456963,0.0142989090502011,0.0140933219890708,0.0139037085102408,0.00728123512336082,0.0173537977005892,0.0160047446854383,0.0165836744743499,0.00503194608511748,0.00503194608511748,0.0144874962509504,0.0152492801825275,0.00503194608511748,0.000371296820989421,0.0160103752091291,0.0160047446854383,0.0148641355851936,0.0156310321927393,0.0148641355851936,0.00503194608511748,0.014289806733193,0.0156310321927393,0.0160047446854383,0.0160087480190116,0.0160047446854383,0.0160047446854383,0.0161988782391226,0.00503194608511748,0.014289806733193,0.0160047446854383,0.0167769316456963,0.000371296820989421,0.0142989090502011,0.0144796763518108,0.0160143048759608,0.0146718204504927,0.0139037085102408,0.0146718204504927,0.0140933219890708,0.0167769316456963,0.0139037085102408,0.0165836744743499,0.0135373442687077,0.0142989090502011,0.0140933219890708,0.0148618514494078,0.0160047446854383,0.0152519733484149,0.0146801543727994,0.0148641355851936,0.0139081248543915,0.0139081248543915,0.0142989090502011,0.0167769316456963,0.0144796763518108,0.0142989090502011,0.0167742577389352,0.0139037085102408,0.0148641355851936,0.0160087480190116,0.0148641355851936,0.0156310321927393,0.0142989090502011,0.0142989090502011,0.0139037085102408,0.000371296820989421,0.00503194608511748,0.0142989090502011,0.0144796763518108,0.000371296820989421,0.0148641355851936
"PP376378.1 |Human respiratory syncytial virus A isolate 340103009, complete genome",0.0651578503853108,0.0144796763518108,0.00691063416556213,0.0144796763518108,0,0.00672567454328096,0.00672426734773919,0.0135260209868346,0.0133338908079786,0.0154314506511898,0.000556870839325079,0.000185574018335659,0.00672426734773919,0.0133338908079786,0.00803962529606167,0.00653682545166376,0.00691186652188503,0,0.00672370241644232,0.00879521257120187,0.00785153709649652,0.0146718204504927,0.00672567454328096,0.0137115417875398,0.0133333040856436,0.00709704138549148,0.0133338908079786,0.00728659686729052,0.00824241945808435,0.012574754171302,0.00822585699487273,0.000185574018335659,0.00822888401286681,0.00672567454328096,0.00936510475237087,0.0027907478174767,0.000928497754014987,0.00710151419529112,0.00653682545166376,0.00822681969029353,0.00653682545166376,0.0135241790767046,0.0133338908079786,0.0140927649763773,0.0163882612327354,0.0154314506511898,0.00803768721277683,0.0127646860525263,0.0127646860525263,0.00672370241644232,0.000743254379156351,0.0127646860525263,0.0144796763518108,0.00785153709649652,0.0154314506511898,0.00111455120014577,0.00747638685330438,0.00111455120014577,0.0127646860525263,0.000185571333818066,0.00747638685330438,0.0154314506511898,0.0154348244741629,0.0154314506511898,0.0154314506511898,0.0156256331736839,0.0127646860525263,0.012575972008276,0.0154314506511898,0.00822681969029353,0.0144796763518108,0.00653682545166376,0,0.00785347375862406,0.000928497754014987,0.0133338908079786,0.000185574018335659,0.0135241790767046,0.00822681969029353,0.0133338908079786,0.00803768721277683,0.00503551392329486,0.00653682545166376,0.0135241790767046,0.000371145352153725,0.0154314506511898,0.00710151419529112,0.00691259081223043,0.0003713075711663,0.00465930793856362,0.00465930793856362,0.00653682545166376,0.00822681969029353,0,0.00653682545166376,0.00822585699487273,0.0133338908079786,0.00111455120014577,0.0154348244741629,0.00111455120014577,0.00747638685330438,0.00653682545166376,0.00653682545166376,0.0133338908079786,0.0144796763518108,0.0127646860525263,0.00653682545166376,0,0.0144796763518108,0.0003713075711663
"PP376392.1 |Human respiratory syncytial virus A isolate 340102044, complete genome",0.0635270370798517,0.0141129779350657,0.000556746974659233,0.0144915262835739,0.00672567454328096,0,0.000371145352153725,0.0131512381617734,0.0129579945046816,0.0150556478790005,0.00728972992284854,0.00691468885262728,0.000371145352153725,0.0129579945046816,0.00766772294110724,0.000185574018335659,0.000556870839325079,0.00672567454328096,0.000371133395240847,0.00842411705115298,0.00747890973926405,0.014305767048188,0,0.013336312830473,0.0129565925951741,0.00522024882447264,0.0129579945046816,0.00691468885262728,0.0033506114237877,0.0133490051090874,0.00785308354020748,0.00691468885262728,0.00823687642763452,0.0003713075711663,0.00899489348811839,0.00766980015978307,0.00691468885262728,0.00560034526303418,0.000185574018335659,0.00785484456460823,0.000185574018335659,0.0131477651738409,0.0129579945046816,0.0148729844474108,0.0160140412414092,0.0150556478790005,0.0076654199122471,0.0135384213251085,0.0135384213251085,0.000371133395240847,0.0074827259842477,0.0135384213251085,0.0141129779350657,0.00747890973926405,0.0150556478790005,0.00710386866904278,0.00597410551369625,0.00710386866904278,0.0135384213251085,0.00653838966178151,0.00597410551369625,0.0150556478790005,0.015059396986166,0.0150556478790005,0.0150556478790005,0.015249685254892,0.0135384213251085,0.0118182885105227,0.0150556478790005,0.00785484456460823,0.0141129779350657,0.000185574018335659,0.00672567454328096,0.00748121120591639,0.00691468885262728,0.0129579945046816,0.00691468885262728,0.0131477651738409,0.00785484456460823,0.0129579945046816,0.0076654199122471,0.00466517449693465,0.000185574018335659,0.0131477651738409,0.0071021307487027,0.0150556478790005,0.00560034526303418,0.000556904965967617,0.00710386866904278,0.00503487543858662,0.00503487543858662,0.000185574018335659,0.00785484456460823,0.00672567454328096,0.000185574018335659,0.00785308354020748,0.0129579945046816,0.00710386866904278,0.015059396986166,0.00710386866904278,0.00597410551369625,0.000185574018335659,0.000185574018335659,0.0129579945046816,0.0141129779350657,0.0135384213251085,0.000185574018335659,0.00672567454328096,0.0141129779350657,0.00710386866904278
"PP376428.1 |Human respiratory syncytial virus A isolate 340102029, complete genome",0.0635124209961283,0.0141095547592144,0.00055673143709367,0.0144884238462947,0.00672426734773919,0.000371145352153725,0,0.0131493363933915,0.0129565925951741,0.0150536949078732,0.00728847232987675,0.00691311643935639,0.000371296820989421,0.0129565925951741,0.0076659692118985,0.000185571333818066,0.000557176717836183,0.00672426734773919,0.000371124286605136,0.00842185646964059,0.00747748663922307,0.0143021719925873,0.000371145352153725,0.0133345658007654,0.0129555209084093,0.00521934975661261,0.0129565925951741,0.00691311643935639,0.00334975387949599,0.0133464398056066,0.00785164610190968,0.00691311643935639,0.00823462335005442,0.000371145352153725,0.00899213070762908,0.00766772294110724,0.00691311643935639,0.00559896807046854,0.000185571333818066,0.00785308354020748,0.000185571333818066,0.0131465244763983,0.0129565925951741,0.0148697020517235,0.0160112236269413,0.0150536949078732,0.00766382482340234,0.0135360166317773,0.0135360166317773,0.000371124286605136,0.00748065617870361,0.0135360166317773,0.0141095547592144,0.00747748663922307,0.0150536949078732,0.0071021307487027,0.0059728779223905,0.0071021307487027,0.0135360166317773,0.00653682545166376,0.0059728779223905,0.0150536949078732,0.0150572803934176,0.0150536949078732,0.0150536949078732,0.0152477307551954,0.0135360166317773,0.0121985796339675,0.0150536949078732,0.00785308354020748,0.0141095547592144,0.000185571333818066,0.00672426734773919,0.0074796295389392,0.00691311643935639,0.0129565925951741,0.00691311643935639,0.0131465244763983,0.00785308354020748,0.0129565925951741,0.00766382482340234,0.00466350034146903,0.000185571333818066,0.0131465244763983,0.00710071561350223,0.0150536949078732,0.00559896807046854,0.0005567362575479,0.0071021307487027,0.00503366353408803,0.00503366353408803,0.000185571333818066,0.00785308354020748,0.00672426734773919,0.000185571333818066,0.00785164610190968,0.0129565925951741,0.0071021307487027,0.0150572803934176,0.0071021307487027,0.0059728779223905,0.000185571333818066,0.000185571333818066,0.0129565925951741,0.0141095547592144,0.0135360166317773,0.000185571333818066,0.00672426734773919,0.0141095547592144,0.0071021307487027
"PP376436.1 |Human respiratory syncytial virus A isolate 340101011, complete genome",0.0622020034650136,0.0148618828098832,0.013336312830473,0.0152415928759758,0.0135260209868346,0.0131512381617734,0.0131493363933915,0,0.0121879977441486,0.0142798716159144,0.0140978179443818,0.0137174032243002,0.0131493363933915,0.0121879977441486,0.0144793372910089,0.0129597266628592,0.0133391070625508,0.0135260209868346,0.0131479920281673,0.015244359237886,0.0142893698636233,0.0150544509686458,0.0131512381617734,0.0129446588414881,0.0121874236696844,0.0133331492743767,0.0121879977441486,0.0137174032243002,0.0143021719925873,0.0129536370768409,0.0146664782841019,0.0137174032243002,0.0150556478790005,0.0131512381617734,0.0154368457133709,0.0122005184903474,0.0137174032243002,0.0135322011944673,0.0129597266628592,0.0146679266378879,0.0129597266628592,0.0123777062563349,0.0121879977441486,0.0144738300231962,0.013898400345648,0.0142798716159144,0.0144761237001963,0.013143312650375,0.013143312650375,0.0131479920281673,0.014292569232758,0.013143312650375,0.0148618828098832,0.0142893698636233,0.0142798716159144,0.0139089551435417,0.0139106438101139,0.0139089551435417,0.013143312650375,0.0133360560778706,0.0139106438101139,0.0142798716159144,0.0142828290375158,0.0142798716159144,0.0142798716159144,0.0144730548097958,0.013143312650375,0.011432687231245,0.0142798716159144,0.0146679266378879,0.0148618828098832,0.0129597266628592,0.0135260209868346,0.0142925803486529,0.0137174032243002,0.0121879977441486,0.0137174032243002,0.0123777062563349,0.0146679266378879,0.0121879977441486,0.0144761237001963,0.0114407244657196,0.0129597266628592,0.0123777062563349,0.0139075296756559,0.0142798716159144,0.0135322011944673,0.0133395439474088,0.0139089551435417,0.011812751420877,0.011812751420877,0.0129597266628592,0.0146679266378879,0.0135260209868346,0.0129597266628592,0.0146664782841019,0.0121879977441486,0.0139089551435417,0.0142828290375158,0.0139089551435417,0.0139106438101139,0.0129597266628592,0.0129597266628592,0.0121879977441486,0.0148618828098832,0.013143312650375,0.0129597266628592,0.0135260209868346,0.0148618828098832,0.0139089551435417
"PP376462.1 |Human respiratory syncytial virus A isolate 340102001, complete genome",0.0640753432327492,0.0135249632972159,0.013143312650375,0.0139037085102408,0.0133338908079786,0.0129579945046816,0.0129565925951741,0.0121879977441486,0,0.00241711431337823,0.0139056732126531,0.0135249345821493,0.0129565925951741,0,0.0133331492743767,0.0127668219260147,0.0131465244763983,0.0133338908079786,0.0129550395809789,0.0140959000475039,0.0139064357069162,0.0137168473389628,0.0129579945046816,0.0114248425186222,0.000742750736171842,0.0131411480821618,0.000371296820989421,0.0133348081307937,0.0141064633903743,0.012385573932239,0.013520417550204,0.0135249345821493,0.0139074173846433,0.0129579945046816,0.0146718204504927,0.0116293736471546,0.0135249345821493,0.0133394888368669,0.0127668219260147,0.0135215107886247,0.0127668219260147,0.000185571333818066,0,0.0137110190627801,0.0154246510083088,0.00241711431337823,0.0133303865512889,0.0125747679897606,0.0125747679897606,0.0129550395809789,0.0140990815948973,0.0125747679897606,0.0135249632972159,0.0139064357069162,0.00241711431337823,0.0137161474381903,0.01371804555095,0.0137161474381903,0.0125747679897606,0.013143764356623,0.01371804555095,0.00241711431337823,0.00241772539271059,0.00241711431337823,0.00241711431337823,0.00260410185476307,0.0125747679897606,0.0116212672056956,0.00241711431337823,0.0135215107886247,0.0135249632972159,0.0127668219260147,0.0133338908079786,0.0139093874396599,0.0135249345821493,0.000371296820989421,0.0135249345821493,0.000185571333818066,0.0135215107886247,0,0.0133303865512889,0.0112489428114046,0.0127668219260147,0.000185571333818066,0.0137152228508753,0.00241711431337823,0.0133394888368669,0.0131462524370198,0.0137161474381903,0.0116216600887044,0.0116216600887044,0.0127668219260147,0.0135215107886247,0.0133338908079786,0.0127668219260147,0.013520417550204,0,0.0137161474381903,0.00241772539271059,0.0137161474381903,0.01371804555095,0.0127668219260147,0.0127668219260147,0,0.0135249632972159,0.0125747679897606,0.0127668219260147,0.0133338908079786,0.0135249632972159,0.0137161474381903
"PP376463.1 |Human respiratory syncytial virus A isolate 340103006, complete genome",0.0655545245636188,0.0156249025923079,0.0152407703422768,0.0160047446854383,0.0154314506511898,0.0150556478790005,0.0150536949078732,0.0142798716159144,0.00241711431337823,0,0.0160054418539966,0.0156235947498717,0.0150536949078732,0.00241711431337823,0.0154311581011082,0.0148633734873341,0.0152441784779724,0.0154314506511898,0.0150520441031851,0.0161976779681501,0.0160067519175084,0.0158178966870842,0.0150556478790005,0.0135121616978708,0.00279013464518438,0.0152375093539327,0.00241711431337823,0.0154329154770942,0.0158239771802707,0.0144808364218726,0.0156183309589027,0.0156235947498717,0.0160087403322624,0.0150556478790005,0.0167769316456963,0.0137220855706305,0.0156235947498717,0.0154383434864115,0.0148633734873341,0.0156199731858929,0.0148633734873341,0.00260352257811852,0.00241711431337823,0.0158108526229729,0.0175310279328188,0,0.0154277476943174,0.0146705778841531,0.0146705778841531,0.0150520441031851,0.0162010544819065,0.0146705778841531,0.0156249025923079,0.0160067519175084,0,0.0158159098845726,0.0158179075653504,0.0158159098845726,0.0146705778841531,0.0152407713784123,0.0158179075653504,0,0.000371133395240847,0,0,0.0005567362575479,0.0146705778841531,0.0137106102039813,0,0.0156199731858929,0.0156249025923079,0.0148633734873341,0.0154314506511898,0.0160103532251771,0.0156235947498717,0.00241711431337823,0.0156235947498717,0.00260352257811852,0.0156199731858929,0.00241711431337823,0.0154277476943174,0.0133391070625508,0.0148633734873341,0.00260352257811852,0.0158144367828074,0,0.0154383434864115,0.015244359237886,0.0158159098845726,0.0137115417875398,0.0137115417875398,0.0148633734873341,0.0156199731858929,0.0154314506511898,0.0148633734873341,0.0156183309589027,0.00241711431337823,0.0158159098845726,0.000371133395240847,0.0158159098845726,0.0158179075653504,0.0148633734873341,0.0148633734873341,0.00241711431337823,0.0156249025923079,0.0146705778841531,0.0148633734873341,0.0154314506511898,0.0156249025923079,0.0158159098845726
"PP376465.1 |Human respiratory syncytial virus A isolate 340103038, complete genome",0.0653498941042341,0.0150520441031851,0.00747473175168935,0.0150520441031851,0.000556870839325079,0.00728972992284854,0.00728847232987675,0.0140978179443818,0.0139056732126531,0.0160054418539966,0,0.000742604392155721,0.00728847232987675,0.0139056732126531,0.00860531721184361,0.00710071561350223,0.00747638685330438,0.000556870839325079,0.00728769627118684,0.00936150771898446,0.00841727618597518,0.015244359237886,0.00728972992284854,0.0142833824869485,0.0139052421696985,0.00766160450802591,0.0139056732126531,0.00785153709649652,0.00880738724627433,0.0131456142758339,0.00879180481121932,0.000371296820989421,0.00879474186420474,0.00728972992284854,0.00993190142616029,0.00335116524747753,0.00148646566047659,0.00766641157570725,0.00710071561350223,0.00879261594863302,0.00710071561350223,0.0140962859438692,0.0139056732126531,0.014664728092457,0.0169628278780955,0.0160054418539966,0.00860331775694793,0.0133358694042941,0.0133358694042941,0.00728769627118684,0.00130076500650267,0.0133358694042941,0.0150520441031851,0.00841727618597518,0.0160054418539966,0.00167267946683349,0.00804170469330637,0.00167267946683349,0.0133358694042941,0.000742750736171842,0.00804170469330637,0.0160054418539966,0.0160088792461513,0.0160054418539966,0.0160054418539966,0.0162000141868948,0.0133358694042941,0.0129565779878711,0.0160054418539966,0.00879261594863302,0.0150520441031851,0.00710071561350223,0.000556870839325079,0.00841927404994921,0.00148646566047659,0.0139056732126531,0.000742604392155721,0.0140962859438692,0.00879261594863302,0.0139056732126531,0.00860331775694793,0.00559791174008638,0.00710071561350223,0.0140962859438692,0.000928484289002483,0.0160054418539966,0.00766641157570725,0.00747674995351312,0.000928497754014987,0.00522116860467777,0.00522116860467777,0.00710071561350223,0.00879261594863302,0.000556870839325079,0.00710071561350223,0.00879180481121932,0.0139056732126531,0.00167267946683349,0.0160088792461513,0.00167267946683349,0.00804170469330637,0.00710071561350223,0.00710071561350223,0.0139056732126531,0.0150520441031851,0.0133358694042941,0.00710071561350223,0.000556870839325079,0.0150520441031851,0.000928497754014987
"PP376496.1 |Human respiratory syncytial virus A isolate 340103024, complete genome",0.065376568890734,0.0146718204504927,0.0070995618818849,0.0146718204504927,0.000185574018335659,0.00691468885262728,0.00691311643935639,0.0137174032243002,0.0135249345821493,0.0156235947498717,0.000742604392155721,0,0.00691311643935639,0.0135249345821493,0.00822888401286681,0.00672567454328096,0.00710071561350223,0.000185574018335659,0.00691259081223043,0.00898500965233006,0.00804059077882281,0.0148641355851936,0.00691468885262728,0.0139028352492657,0.0135241790767046,0.00728580403536658,0.0135249345821493,0.00747548526307863,0.00843284586653404,0.0127655890271851,0.00841498947238944,0.0003713075711663,0.00841830866522794,0.00691468885262728,0.00955540335950589,0.00297732152189088,0.00111455120014577,0.00729048914805397,0.00672567454328096,0.00841611788197862,0.00672567454328096,0.0137152228508753,0.0135249345821493,0.0142844382590385,0.0165811732825654,0.0156235947498717,0.00822681969029353,0.0129555209084093,0.0129555209084093,0.00691259081223043,0.000929468185513249,0.0129555209084093,0.0146718204504927,0.00804059077882281,0.0156235947498717,0.00130076500650267,0.0076654011626507,0.00130076500650267,0.0129555209084093,0.000371145352153725,0.0076654011626507,0.0156235947498717,0.0156270988658294,0.0156235947498717,0.0156235947498717,0.0158179075653504,0.0129555209084093,0.0127665984023026,0.0156235947498717,0.00841611788197862,0.0146718204504927,0.00672567454328096,0.000185574018335659,0.00804265357503956,0.00111455120014577,0.0135249345821493,0,0.0137152228508753,0.00841611788197862,0.0135249345821493,0.00822681969029353,0.00522362700935236,0.00672567454328096,0.0137152228508753,0.000185571333818066,0.0156235947498717,0.00729048914805397,0.00710164449455672,0.000557200933025566,0.00484713287869889,0.00484713287869889,0.00672567454328096,0.00841611788197862,0.000185574018335659,0.00672567454328096,0.00841498947238944,0.0135249345821493,0.00130076500650267,0.0156270988658294,0.00130076500650267,0.0076654011626507,0.00672567454328096,0.00672567454328096,0.0135249345821493,0.0146718204504927,0.0129555209084093,0.00672567454328096,0.000185574018335659,0.0146718204504927,0.000557200933025566
"PP376505.1 |Human respiratory syncytial virus A isolate 340102036, complete genome",0.0635124209961283,0.0141095547592144,0.00055673143709367,0.0144884238462947,0.00672426734773919,0.000371145352153725,0.000371296820989421,0.0131493363933915,0.0129565925951741,0.0150536949078732,0.00728847232987675,0.00691311643935639,0,0.0129565925951741,0.0076659692118985,0.000185571333818066,0.000557176717836183,0.00672426734773919,0.000371124286605136,0.00842185646964059,0.00747748663922307,0.0143021719925873,0.000371145352153725,0.0133345658007654,0.0129555209084093,0.00521934975661261,0.0129565925951741,0.00691311643935639,0.00334975387949599,0.0133464398056066,0.00785164610190968,0.00691311643935639,0.00823462335005442,0.000371145352153725,0.00899213070762908,0.00766772294110724,0.00691311643935639,0.00559896807046854,0.000185571333818066,0.00785308354020748,0.000185571333818066,0.0131465244763983,0.0129565925951741,0.0148697020517235,0.0160112236269413,0.0150536949078732,0.00766382482340234,0.0135360166317773,0.0135360166317773,0.000371124286605136,0.00748065617870361,0.0135360166317773,0.0141095547592144,0.00747748663922307,0.0150536949078732,0.0071021307487027,0.0059728779223905,0.0071021307487027,0.0135360166317773,0.00653682545166376,0.0059728779223905,0.0150536949078732,0.0150572803934176,0.0150536949078732,0.0150536949078732,0.0152477307551954,0.0135360166317773,0.0121985796339675,0.0150536949078732,0.00785308354020748,0.0141095547592144,0.000185571333818066,0.00672426734773919,0.0074796295389392,0.00691311643935639,0.0129565925951741,0.00691311643935639,0.0131465244763983,0.00785308354020748,0.0129565925951741,0.00766382482340234,0.00466350034146903,0.000185571333818066,0.0131465244763983,0.00710071561350223,0.0150536949078732,0.00559896807046854,0.0005567362575479,0.0071021307487027,0.00503366353408803,0.00503366353408803,0.000185571333818066,0.00785308354020748,0.00672426734773919,0.000185571333818066,0.00785164610190968,0.0129565925951741,0.0071021307487027,0.0150572803934176,0.0071021307487027,0.0059728779223905,0.000185571333818066,0.000185571333818066,0.0129565925951741,0.0141095547592144,0.0135360166317773,0.000185571333818066,0.00672426734773919,0.0141095547592144,0.0071021307487027
"PP376520.1 |Human respiratory syncytial virus A isolate 340102002, complete genome",0.0640753432327492,0.0135249632972159,0.013143312650375,0.0139037085102408,0.0133338908079786,0.0129579945046816,0.0129565925951741,0.0121879977441486,0,0.00241711431337823,0.0139056732126531,0.0135249345821493,0.0129565925951741,0,0.0133331492743767,0.0127668219260147,0.0131465244763983,0.0133338908079786,0.0129550395809789,0.0140959000475039,0.0139064357069162,0.0137168473389628,0.0129579945046816,0.0114248425186222,0.000742750736171842,0.0131411480821618,0.000371296820989421,0.0133348081307937,0.0141064633903743,0.012385573932239,0.013520417550204,0.0135249345821493,0.0139074173846433,0.0129579945046816,0.0146718204504927,0.0116293736471546,0.0135249345821493,0.0133394888368669,0.0127668219260147,0.0135215107886247,0.0127668219260147,0.000185571333818066,0,0.0137110190627801,0.0154246510083088,0.00241711431337823,0.0133303865512889,0.0125747679897606,0.0125747679897606,0.0129550395809789,0.0140990815948973,0.0125747679897606,0.0135249632972159,0.0139064357069162,0.00241711431337823,0.0137161474381903,0.01371804555095,0.0137161474381903,0.0125747679897606,0.013143764356623,0.01371804555095,0.00241711431337823,0.00241772539271059,0.00241711431337823,0.00241711431337823,0.00260410185476307,0.0125747679897606,0.0116212672056956,0.00241711431337823,0.0135215107886247,0.0135249632972159,0.0127668219260147,0.0133338908079786,0.0139093874396599,0.0135249345821493,0.000371296820989421,0.0135249345821493,0.000185571333818066,0.0135215107886247,0,0.0133303865512889,0.0112489428114046,0.0127668219260147,0.000185571333818066,0.0137152228508753,0.00241711431337823,0.0133394888368669,0.0131462524370198,0.0137161474381903,0.0116216600887044,0.0116216600887044,0.0127668219260147,0.0135215107886247,0.0133338908079786,0.0127668219260147,0.013520417550204,0,0.0137161474381903,0.00241772539271059,0.0137161474381903,0.01371804555095,0.0127668219260147,0.0127668219260147,0,0.0135249632972159,0.0125747679897606,0.0127668219260147,0.0133338908079786,0.0135249632972159,0.0137161474381903
